%YAML:1.0
---
stereo_rms: 1.5794192141040458e-01
cameraMatrixL: !!opencv-matrix
   rows: 3
   cols: 3
   dt: d
   data: [ 6.5343662058960626e+02, 0., 6.1250824517541525e+02, 0.,
       6.5228420452389855e+02, 3.5873752429495721e+02, 0., 0., 1. ]
distCoeffL: !!opencv-matrix
   rows: 5
   cols: 1
   dt: d
   data: [ 1.9607278326110691e-01, -3.6059679538828066e-01,
       9.2395037380518796e-04, -4.3445103713986229e-04,
       3.0553837842679848e-01 ]
cameraMatrixR: !!opencv-matrix
   rows: 3
   cols: 3
   dt: d
   data: [ 6.5229690069112689e+02, 0., 6.2063165858645766e+02, 0.,
       6.5258499675339840e+02, 3.5468562130821078e+02, 0., 0., 1. ]
distCoeffR: !!opencv-matrix
   rows: 5
   cols: 1
   dt: d
   data: [ 1.8022850676572386e-01, -2.5976272444190818e-01,
       -6.7707418264590085e-04, -4.5012474952465479e-04,
       1.3816837103167304e-01 ]
R_stereo: !!opencv-matrix
   rows: 3
   cols: 3
   dt: d
   data: [ 9.9976693047899001e-01, 1.0718404833828483e-02,
       1.8740344672300329e-02, -9.5311980611031549e-03,
       9.9801003941483990e-01, -6.2330710654618135e-02,
       -1.9371137915426561e-02, 6.2137565328936606e-02,
       9.9787959293236062e-01 ]
T_stereo: !!opencv-matrix
   rows: 3
   cols: 1
   dt: d
   data: [ -5.9190767843117179e+01, -8.2352435894345477e-01,
       5.9223342301745618e-01 ]
R1: !!opencv-matrix
   rows: 3
   cols: 3
   dt: d
   data: [ 9.9968135636860322e-01, 2.3978534164801345e-02,
       7.8876884026478841e-03, -2.3720525906012008e-02,
       9.9922786130922625e-01, -3.1321204225446396e-02,
       -8.6326345788540031e-03, 3.1124123806098723e-02,
       9.9947824715575007e-01 ]
R2: !!opencv-matrix
   rows: 3
   cols: 3
   dt: d
   data: [ 9.9985319074954515e-01, 1.3911011597822806e-02,
       -1.0004034400127908e-02, -1.3591838798384418e-02,
       9.9941779519808127e-01, 3.1294289566707892e-02,
       1.0433545228369707e-02, -3.1153722052613051e-02,
       9.9946014764783697e-01 ]
P1: !!opencv-matrix
   rows: 3
   cols: 4
   dt: d
   data: [ 8.8548669409336844e+02, 0., 6.2826034545898438e+02, 0., 0.,
       8.8548669409336844e+02, 3.5693919754028320e+02, 0., 0., 0., 1.,
       0. ]
P2: !!opencv-matrix
   rows: 3
   cols: 4
   dt: d
   data: [ 8.8548669409336844e+02, 0., 6.2826034545898438e+02,
       -5.2420333128065024e+04, 0., 8.8548669409336844e+02,
       3.5693919754028320e+02, 0., 0., 0., 1., 0. ]
laser_plane: { a:9.9718779325485229e-01, b:-6.1477422714233398e-02,
    c:4.2860422283411026e-02, d:-2.7775707244873047e+01 }
axis_direction: !!opencv-matrix
   rows: 3
   cols: 1
   dt: d
   data: [ -8.0488161734664689e-03, -1.2182819618878647e-02,
       9.9989339204954231e-01 ]
axis_point: !!opencv-matrix
   rows: 3
   cols: 1
   dt: d
   data: [ 5.2283203893678859e+01, 3.8234039973527402e+01,
       -1.3329087440444928e+02 ]
R_base: !!opencv-matrix
   rows: 3
   cols: 3
   dt: d
   data: [ 9.5337687559272144e-01, -3.0133620353219992e-01,
       1.6401997618012795e-02, 2.1018453511902671e-01,
       7.0202474475710519e-01, 6.8042906973873474e-01,
       -2.1655252083930893e-01, -6.4525789432561154e-01,
       7.3263036759925448e-01 ]
T_base: !!opencv-matrix
   rows: 3
   cols: 1
   dt: d
   data: [ -1.9550702440821635e+01, -3.0690621296339902e+01,
       2.0530833576831841e+02 ]
